#time,date,susceptible,exposed,infectious,recovered,dead,immune,num infections today,num hospitalisations today,hospital bed occupancy,num hospitalisations today (data),cum num hospitalisations today,cum num infections today
1,2/3/2020,326837,1158,859,592,0,0,325,2,9,0.0,2,325
2,3/3/2020,326460,1239,1030,717,0,0,377,1,9,0.0,3,702
3,4/3/2020,325956,1452,1175,863,0,0,505,7,16,0.0,10,1207
4,5/3/2020,325363,1733,1341,1009,0,0,593,8,24,0.0,18,1800
5,6/3/2020,324781,1964,1517,1184,0,0,582,7,30,0.0,25,2382
6,7/3/2020,324105,2237,1711,1393,0,0,676,5,34,0.0,30,3058
7,8/3/2020,323315,2520,1964,1647,0,0,790,6,40,0.0,36,3848
8,9/3/2020,322376,2864,2283,1923,0,0,939,9,48,0.0,45,4787
9,10/3/2020,321303,3311,2611,2221,0,0,1073,10,56,0.0,55,5860
10,11/3/2020,320141,3767,2944,2594,0,0,1162,10,65,0.0,65,7022
11,12/3/2020,318895,4182,3357,3011,1,0,1246,10,71,0.0,75,8268
12,13/3/2020,317739,4454,3786,3464,3,0,1156,11,77,0.0,86,9424
13,14/3/2020,316472,4701,4255,4014,4,0,1267,16,91,0.0,102,10691
14,15/3/2020,314936,5145,4779,4582,4,0,1536,18,108,0.0,120,12227
15,16/3/2020,313351,5524,5246,5321,4,0,1585,9,115,0.0,129,13812
16,17/3/2020,312292,5269,5767,6113,5,0,1059,21,130,0.0,150,14871
17,18/3/2020,311141,5107,6217,6975,6,0,1151,21,145,0.0,171,16022
18,19/3/2020,309897,5031,6571,7941,6,0,1244,28,168,0.0,199,17266
19,20/3/2020,308625,4992,6875,8943,11,0,1273,28,181,0.0,227,18539
20,21/3/2020,307851,4490,7084,10009,12,0,774,36,211,0.0,263,19313
21,22/3/2020,307078,4043,7146,11165,14,0,773,45,246,0.0,308,20086
22,23/3/2020,306312,3691,6961,12467,15,0,767,52,290,0.0,360,20853
23,24/3/2020,306017,2955,6768,13691,15,0,295,48,325,0.0,408,21148
24,25/3/2020,305785,2319,6446,14880,16,0,232,40,348,0.0,448,21380
25,26/3/2020,305551,1801,5991,16081,22,0,235,45,371,0.0,493,21615
26,27/3/2020,305337,1437,5430,17218,24,0,214,55,414,0.0,548,21829
27,28/3/2020,305146,1165,4815,18292,28,0,191,60,458,0.0,608,22020
28,29/3/2020,304983,931,4210,19287,35,0,164,39,476,0.0,647,22184
29,30/3/2020,304855,777,3565,20207,42,0,128,59,501,0.0,706,22312
30,31/3/2020,304744,656,3049,20948,49,0,111,51,524,0.0,757,22423
31,1/4/2020,304675,539,2624,21554,54,0,69,52,546,0.0,809,22492
32,2/4/2020,304596,453,2229,22106,62,0,79,45,549,0.0,854,22571
33,3/4/2020,304525,401,1935,22513,72,0,71,40,556,0.0,894,22642
34,4/4/2020,304469,342,1677,22878,80,0,56,34,547,0.0,928,22698
35,5/4/2020,304426,288,1486,23162,84,0,44,40,551,0.0,968,22742
36,6/4/2020,304384,248,1314,23407,93,0,43,34,540,0.0,1002,22785
37,7/4/2020,304346,205,1161,23632,102,0,38,15,510,0.0,1017,22823
38,8/4/2020,304314,181,1036,23802,113,0,32,23,491,0.0,1040,22855
39,9/4/2020,304293,149,917,23960,127,0,21,14,448,0.0,1054,22876
40,10/4/2020,304274,135,789,24111,137,0,19,15,406,0.0,1069,22895
41,11/4/2020,304254,107,727,24211,147,0,20,14,380,0.0,1083,22915
42,12/4/2020,304238,87,629,24337,155,0,16,10,345,0.0,1093,22931
43,13/4/2020,304221,81,540,24443,161,0,17,6,305,0.0,1099,22948
44,14/4/2020,304209,72,463,24532,170,0,12,6,266,0.0,1105,22960
45,15/4/2020,304195,66,403,24605,177,0,14,2,233,0.0,1107,22974
46,16/4/2020,304186,56,351,24669,184,0,9,2,203,0.0,1109,22983
47,17/4/2020,304181,49,295,24722,199,0,5,2,170,0.0,1111,22988
48,18/4/2020,304176,31,253,24780,206,0,5,5,146,0.0,1116,22993
49,19/4/2020,304170,28,221,24813,214,0,6,3,126,0.0,1119,22999
50,20/4/2020,304163,24,195,24846,218,0,7,2,110,0.0,1121,23006
51,21/4/2020,304158,24,166,24876,222,0,5,1,92,0.0,1122,23011
52,22/4/2020,304149,27,132,24912,226,0,9,1,69,0.0,1123,23020
53,23/4/2020,304145,23,107,24934,237,0,4,2,49,0.0,1125,23024
54,24/4/2020,304143,17,97,24950,239,0,3,2,44,0.0,1127,23027
55,25/4/2020,304136,18,89,24963,240,0,7,0,40,0.0,1127,23034
56,26/4/2020,304135,17,75,24978,241,0,1,3,38,0.0,1130,23035
57,27/4/2020,304130,17,73,24981,245,0,6,0,32,0.0,1130,23041
58,28/4/2020,304126,16,60,24994,250,0,4,0,25,0.0,1130,23045
59,29/4/2020,304122,19,56,24999,250,0,4,2,27,0.0,1132,23049
60,30/4/2020,304119,19,45,25011,252,0,3,1,23,0.0,1133,23052
61,1/5/2020,304117,17,42,25017,253,0,2,1,20,0.0,1134,23054
62,2/5/2020,304115,12,43,25022,254,0,2,1,20,0.0,1135,23056
63,3/5/2020,304108,16,39,25027,256,0,7,0,18,0.0,1135,23063
64,4/5/2020,304106,15,33,25034,258,0,3,0,13,0.0,1135,23066
65,5/5/2020,304104,14,30,25039,259,0,2,0,10,0.0,1135,23068
66,6/5/2020,304101,16,25,25045,259,0,3,0,9,0.0,1135,23071
67,7/5/2020,304099,11,29,25048,259,0,2,0,9,0.0,1135,23073
68,8/5/2020,304097,8,28,25054,259,0,2,0,9,0.0,1135,23075
69,9/5/2020,304094,7,25,25060,260,0,3,0,7,0.0,1135,23078
70,10/5/2020,304091,10,19,25065,261,0,3,0,6,0.0,1135,23081
71,11/5/2020,304085,14,18,25068,261,0,7,0,6,0.0,1135,23088
72,12/5/2020,304083,14,18,25070,261,0,2,0,6,0.0,1135,23090
73,13/5/2020,304082,9,21,25073,261,0,1,0,4,0.0,1135,23091
74,14/5/2020,304082,8,18,25077,261,0,0,0,3,0.0,1135,23091
75,15/5/2020,304080,8,18,25079,261,0,3,0,2,0.0,1135,23094
76,16/5/2020,304077,10,16,25082,261,0,3,0,1,0.0,1135,23097
77,17/5/2020,304076,9,14,25086,261,0,1,0,1,0.0,1135,23098
78,18/5/2020,304074,8,15,25088,261,0,2,0,1,0.0,1135,23100
79,19/5/2020,304074,8,15,25088,261,0,1,0,1,0.0,1135,23101
80,20/5/2020,304074,5,13,25093,261,0,0,0,1,0.0,1135,23101
81,21/5/2020,304073,4,14,25094,261,0,1,0,0,0.0,1135,23102
82,22/5/2020,304071,6,12,25096,261,0,2,0,0,0.0,1135,23104
83,23/5/2020,304069,7,12,25097,261,0,2,0,0,0.0,1135,23106
84,24/5/2020,304066,8,7,25104,261,0,3,0,0,0.0,1135,23109
85,25/5/2020,304065,10,6,25104,261,0,2,0,0,0.0,1135,23111
86,26/5/2020,304063,10,7,25105,261,0,2,0,0,0.0,1135,23113
87,27/5/2020,304060,11,9,25105,261,0,3,0,0,0.0,1135,23116
88,28/5/2020,304059,7,10,25109,261,0,1,0,0,0.0,1135,23117
89,29/5/2020,304058,9,7,25111,261,0,2,0,0,0.0,1135,23119
90,30/5/2020,304057,8,9,25111,261,0,1,0,0,0.0,1135,23120
91,31/5/2020,304056,8,8,25113,261,0,3,0,0,0.0,1135,23123
92,1/6/2020,304054,7,11,25113,261,0,2,0,0,0.0,1135,23125
93,2/6/2020,304051,10,9,25115,261,0,4,0,0,0.0,1135,23129
94,3/6/2020,304048,12,8,25117,261,0,3,0,0,0.0,1135,23132
95,4/6/2020,304044,11,13,25117,261,0,4,1,1,0.0,1136,23136
96,5/6/2020,304042,13,13,25117,261,0,3,0,1,0.0,1136,23139
97,6/6/2020,304040,14,13,25118,261,0,2,0,1,0.0,1136,23141
98,7/6/2020,304037,13,17,25118,261,0,3,0,1,0.0,1136,23144
99,8/6/2020,304037,14,15,25119,261,0,1,0,1,0.0,1136,23145
100,9/6/2020,304035,12,18,25120,261,0,3,0,1,0.0,1136,23148
